 step xi theta dtheta
           1   0.0000000000000000        1.0000000000000000        0.0000000000000000     
           2   1.0000000000000000E-002  0.99998333374999648       -3.3332500013888815E-003
           3   2.0000000000000000E-002  0.99993333740716817       -6.6658704462513405E-003
           4   2.9999999999999999E-002  0.99985002027688441       -9.9973015431890251E-003
           5   4.0000000000000001E-002  0.99973339732313216       -1.3326935787213999E-002
           6   5.0000000000000003E-002  0.99958348951424569       -1.6654173536181722E-002
           7   6.0000000000000005E-002  0.99940032380332255       -1.9978417237441395E-002
           8   7.0000000000000007E-002  0.99918393311141540       -2.3299070911898055E-002
           9   8.0000000000000002E-002  0.99893435631131366       -2.6615540266625295E-002
          10   8.9999999999999997E-002  0.99865163820951963       -2.9927232919299496E-002
          11   9.9999999999999992E-002  0.99833582952584976       -3.3233558649153179E-002
          12  0.10999999999999999       0.99798698687050380       -3.6533929654756839E-002
          13  0.11999999999999998       0.99760517271855886       -3.9827760812861317E-002
          14  0.12999999999999998       0.99719045538188589       -4.3114469936234225E-002
          15  0.13999999999999999       0.99674290897850026       -4.6393478029582810E-002
          16  0.14999999999999999       0.99626261339936795       -4.9664209543067689E-002
          17  0.16000000000000000       0.99574965427269080       -5.2926092623074586E-002
          18  0.17000000000000001       0.99520412292570049       -5.6178559359982415E-002
          19  0.18000000000000002       0.99462611634399123       -5.9421046032700008E-002
          20  0.19000000000000003       0.99401573712842473       -6.2652993349762820E-002
          21  0.20000000000000004       0.99337309344964231       -6.5873846686792470E-002
          22  0.21000000000000005       0.99269829900022188       -6.9083056320130537E-002
          23  0.22000000000000006       0.99199147294451884       -7.2280077656465075E-002
          24  0.23000000000000007       0.99125273986623108       -7.5464371458274657E-002
          25  0.24000000000000007       0.99048222971373145       -7.8635404064920825E-002
          26  0.25000000000000006       0.98968007774321221       -8.1792647609225680E-002
          27  0.26000000000000006       0.98884642445968640       -8.4935580229377708E-002
          28  0.27000000000000007       0.98798141555589480       -8.8063686276014672E-002
          29  0.28000000000000008       0.98708520184916615       -9.1176456514338880E-002
          30  0.29000000000000009       0.98615793921628225       -9.4273388321126431E-002
          31  0.30000000000000010       0.98519978852639867       -9.7353985876498461E-002
          32  0.31000000000000011       0.98421091557207485      -0.10041776035032894     
          33  0.32000000000000012       0.98319149099846703      -0.10346423008317053     
          34  0.33000000000000013       0.98214169023074027      -0.10649292076158633     
          35  0.34000000000000014       0.98106169339975502      -0.10950336558778265     
          36  0.35000000000000014       0.97995168526608678      -0.11249510544344472     
          37  0.36000000000000015       0.97881185514243652      -0.11546768904768411     
          38  0.37000000000000016       0.97764239681449172      -0.11842067310901393     
          39  0.38000000000000017       0.97644350846029726      -0.12135362247127501     
          40  0.39000000000000018       0.97521539256819811      -0.12426611025344299     
          41  0.40000000000000019       0.97395825585341478      -0.12715771798325390     
          42  0.41000000000000020       0.97267230917331349      -0.13002803572459273     
          43  0.42000000000000021       0.97135776744143354      -0.13287666219859662     
          44  0.43000000000000022       0.97001484954033612      -0.13570320489843138     
          45  0.44000000000000022       0.96864377823333636      -0.13850728019770753     
          46  0.45000000000000023       0.96724478007518322      -0.14128851345250854     
          47  0.46000000000000024       0.96581808532175173      -0.14404653909701137     
          48  0.47000000000000025       0.96436392783881031      -0.14678100073268643     
          49  0.48000000000000026       0.96288254500992887      -0.14949155121107052     
          50  0.49000000000000027       0.96137417764359079      -0.15217785271011353     
          51  0.50000000000000022       0.95983906987957412      -0.15483957680410626     
          52  0.51000000000000023       0.95827746909466482      -0.15747640452720338     
          53  0.52000000000000024       0.95668962580776740      -0.16008802643056175     
          54  0.53000000000000025       0.95507579358447581      -0.16267414263312130     
          55  0.54000000000000026       0.95343622894116764      -0.16523446286606133     
          56  0.55000000000000027       0.95177119124868603      -0.16776870651097153     
          57  0.56000000000000028       0.95008094263567056      -0.17027660263178301     
          58  0.57000000000000028       0.94836574789160000      -0.17275789000051031     
          59  0.58000000000000029       0.94662587436960854      -0.17521231711686117     
          60  0.59000000000000030       0.94486159188913565      -0.17763964222177631     
          61  0.60000000000000031       0.94307317263847168      -0.18003963330496689     
          62  0.61000000000000032       0.94126089107725674      -0.18241206810652225     
          63  0.62000000000000033       0.93942502383899340      -0.18475673411266588     
          64  0.63000000000000034       0.93756584963363088      -0.18707342854574224     
          65  0.64000000000000035       0.93568364915027735      -0.18936195834852138     
          66  0.65000000000000036       0.93377870496009763      -0.19162214016291340     
          67  0.66000000000000036       0.93185130141945094      -0.19385380030318849     
          68  0.67000000000000037       0.92990172457332398      -0.19605677472380234     
          69  0.68000000000000038       0.92793026205911200      -0.19823090898193105     
          70  0.69000000000000039       0.92593720301080029      -0.20037605819482274     
          71  0.70000000000000040       0.92392283796359831      -0.20249208699207688     
          72  0.71000000000000041       0.92188745875907507      -0.20457886946296552     
          73  0.72000000000000042       0.91983135845084629      -0.20663628909891338     
          74  0.73000000000000043       0.91775483121085999      -0.20866423873125708     
          75  0.74000000000000044       0.91565817223632806      -0.21066262046440604     
          76  0.75000000000000044       0.91354167765734817      -0.21263134560452998     
          77  0.76000000000000045       0.91140564444526107      -0.21457033458390051     
          78  0.77000000000000046       0.90925037032178524      -0.21647951688101597     
          79  0.78000000000000047       0.90707615366897132      -0.21835883093664063     
          80  0.79000000000000048       0.90488329344001572      -0.22020822406589100     
          81  0.80000000000000049       0.90267208907097252      -0.22202765236650335     
          82  0.81000000000000050       0.90044284039340150      -0.22381708062341785     
          83  0.82000000000000051       0.89819584754798798      -0.22557648220981560     
          84  0.83000000000000052       0.89593141089916928      -0.22730583898474593     
          85  0.84000000000000052       0.89364983095080197      -0.22900514118748161     
          86  0.85000000000000053       0.89135140826290060      -0.23067438732874063     
          87  0.86000000000000054       0.88903644336947996      -0.23231358407891284     
          88  0.87000000000000055       0.88670523669752899      -0.23392274615343042     
          89  0.88000000000000056       0.88435808848714492      -0.23550189619542083     
          90  0.89000000000000057       0.88199529871285409      -0.23705106465578071     
          91  0.90000000000000058       0.87961716700614367      -0.23857028967080862     
          92  0.91000000000000059       0.87722399257922956      -0.24005961693753453     
          93  0.92000000000000060       0.87481607415008134      -0.24151909958688261     
          94  0.93000000000000060       0.87239370986872589      -0.24294879805480341     
          95  0.94000000000000061       0.86995719724484966      -0.24434877995151044     
          96  0.95000000000000062       0.86750683307671728      -0.24571911992895512     
          97  0.96000000000000063       0.86504291338142325      -0.24705989954667265     
          98  0.97000000000000064       0.86256573332649356      -0.24837120713612998     
          99  0.98000000000000065       0.86007558716285026      -0.24965313766370595     
         100  0.99000000000000066       0.85757276815915273      -0.25090579259243129     
         101   1.0000000000000007       0.85505756853752701      -0.25212927974261523     
         102   1.0100000000000007       0.85253027941069415      -0.25332371315148322     
         103   1.0200000000000007       0.84999119072050655      -0.25448921293194832     
         104   1.0300000000000007       0.84744059117790027      -0.25562590513063677     
         105   1.0400000000000007       0.84487876820427044      -0.25673392158528646     
         106   1.0500000000000007       0.84230600787427545      -0.25781339978163464     
         107   1.0600000000000007       0.83972259486007417      -0.25886448270990853     
         108   1.0700000000000007       0.83712881237699976      -0.25988731872103066     
         109   1.0800000000000007       0.83452494213067263      -0.26088206138264841     
         110   1.0900000000000007       0.83191126426555306      -0.26184886933509444     
         111   1.1000000000000008       0.82928805731493493      -0.26278790614738184     
         112   1.1100000000000008       0.82665559815237788      -0.26369934017333624     
         113   1.1200000000000008       0.82401416194457788      -0.26458334440796361     
         114   1.1300000000000008       0.82136402210567228      -0.26544009634415022     
         115   1.1400000000000008       0.81870545025297559      -0.26626977782978828     
         116   1.1500000000000008       0.81603871616414181      -0.26707257492541830     
         117   1.1600000000000008       0.81336408773574731      -0.26784867776247656     
         118   1.1700000000000008       0.81068183094328750      -0.26859828040223238     
         119   1.1800000000000008       0.80799220980258102      -0.26932158069549872     
         120   1.1900000000000008       0.80529548633257186      -0.27001878014319497     
         121   1.2000000000000008       0.80259192051952188      -0.27069008375783971     
         122   1.2100000000000009       0.79988177028258323      -0.27133569992604673     
         123   1.2200000000000009       0.79716529144074022      -0.27195584027209646     
         124   1.2300000000000009       0.79444273768111029      -0.27255071952265059     
         125   1.2400000000000009       0.79171436052859157      -0.27312055537267593     
         126   1.2500000000000009       0.78898040931684477      -0.27366556835264022     
         127   1.2600000000000009       0.78624113116059691      -0.27418598169704006     
         128   1.2700000000000009       0.78349677092925241      -0.27468202121431823     
         129   1.2800000000000009       0.78074757122179828      -0.27515391515822479     
         130   1.2900000000000009       0.77799377234298783      -0.27560189410067409     
         131   1.3000000000000009       0.77523561228078841      -0.27602619080614632     
         132   1.3100000000000009       0.77247332668507707      -0.27642704010768077     
         133   1.3200000000000010       0.76970714884756819      -0.27680467878450360     
         134   1.3300000000000010       0.76693730968295670      -0.27715934544133253     
         135   1.3400000000000010       0.76416403771125940      -0.27749128038939574     
         136   1.3500000000000010       0.76138755904133737      -0.27780072552920226     
         137   1.3600000000000010       0.75860809735558188      -0.27808792423509660     
         138   1.3700000000000010       0.75582587389574596      -0.27835312124162909     
         139   1.3800000000000010       0.75304110744990271      -0.27859656253177084     
         140   1.3900000000000010       0.75025401434051198      -0.27881849522699914     
         141   1.4000000000000010       0.74746480841357721      -0.27901916747927796     
         142   1.4100000000000010       0.74467370102887287      -0.27919882836495491     
         143   1.4200000000000010       0.74188090105122273      -0.27935772778059442     
         144   1.4300000000000010       0.73908661484281057      -0.27949611634076449     
         145   1.4400000000000011       0.73629104625650310      -0.27961424527779216     
         146   1.4500000000000011       0.73349439663016491      -0.27971236634350133     
         147   1.4600000000000011       0.73069686478194718      -0.27979073171294355     
         148   1.4700000000000011       0.72789864700652784      -0.27984959389013142     
         149   1.4800000000000011       0.72509993707228515      -0.27988920561578179     
         150   1.4900000000000011       0.72230092621938369      -0.27990981977707458     
         151   1.5000000000000011       0.71950180315875212      -0.27991168931943028     
         152   1.5100000000000011       0.71670275407193385      -0.27989506716030860     
         153   1.5200000000000011       0.71390396261178912      -0.27986020610502860     
         154   1.5300000000000011       0.71110560990402871      -0.27980735876460849     
         155   1.5400000000000011       0.70830787454955968      -0.27973677747562253     
         156   1.5500000000000012       0.70551093262762188      -0.27964871422207072     
         157   1.5600000000000012       0.70271495769969594      -0.27954342055925491     
         158   1.5700000000000012       0.69992012081416288      -0.27942114753965430     
         159   1.5800000000000012       0.69712659051169412      -0.27928214564079201     
         160   1.5900000000000012       0.69433453283135405      -0.27912666469508179     
         161   1.6000000000000012       0.69154411131739313      -0.27895495382164498     
         162   1.6100000000000012       0.68875548702671407      -0.27876726136008406     
         163   1.6200000000000012       0.68596881853698966      -0.27856383480620006     
         164   1.6300000000000012       0.68318426195541426      -0.27834492074963896     
         165   1.6400000000000012       0.68040197092806920      -0.27811076481345143     
         166   1.6500000000000012       0.67762209664988315      -0.27786161159554912     
         167   1.6600000000000013       0.67484478787516800      -0.27759770461204020     
         168   1.6700000000000013       0.67207019092871290      -0.27731928624242541     
         169   1.6800000000000013       0.66929844971741626      -0.27702659767663546     
         170   1.6900000000000013       0.66652970574243908      -0.27671987886388971     
         171   1.7000000000000013       0.66376409811185999      -0.27639936846335517     
         172   1.7100000000000013       0.66100176355381512      -0.27606530379658423     
         173   1.7200000000000013       0.65824283643010473      -0.27571792080170909     
         174   1.7300000000000013       0.65548744875024911      -0.27535745398937017     
         175   1.7400000000000013       0.65273573018597697      -0.27498413640035446     
         176   1.7500000000000013       0.64998780808612855      -0.27459819956492104     
         177   1.7600000000000013       0.64724380749195731      -0.27419987346378810     
         178   1.7700000000000014       0.64450385115281361      -0.27378938649075762     
         179   1.7800000000000014       0.64176805954219429      -0.27336696541695205     
         180   1.7900000000000014       0.63903655087414113      -0.27293283535663709     
         181   1.8000000000000014       0.63630944111997423      -0.27248721973460549     
         182   1.8100000000000014       0.63358684402534327      -0.27203034025509432     
         183   1.8200000000000014       0.63086887112758216      -0.27156241687221055     
         184   1.8300000000000014       0.62815563177335210      -0.27108366776183734     
         185   1.8400000000000014       0.62544723313655803      -0.27059430929499412     
         186   1.8500000000000014       0.62274378023652488      -0.27009455601262378     
         187   1.8600000000000014       0.62004537595641818      -0.26958462060177940     
         188   1.8700000000000014       0.61735212106189641      -0.26906471387318326     
         189   1.8800000000000014       0.61466411421998113      -0.26853504474013051     
         190   1.8900000000000015       0.61198145201813081      -0.26799582019871032     
         191   1.9000000000000015       0.60930422898350678      -0.26744724530931668     
         192   1.9100000000000015       0.60663253760241709      -0.26688952317942166     
         193   1.9200000000000015       0.60396646833992695      -0.26632285494758318     
         194   1.9300000000000015       0.60130610965962261      -0.26574743976866017     
         195   1.9400000000000015       0.59865154804351728      -0.26516347480020780     
         196   1.9500000000000015       0.59600286801208768      -0.26457115519002516     
         197   1.9600000000000015       0.59336015214442883      -0.26397067406482827     
         198   1.9700000000000015       0.59072348109851724      -0.26336222252002156     
         199   1.9800000000000015       0.58809293363157034      -0.26274598961054091     
         200   1.9900000000000015       0.58546858662049284      -0.26212216234274099     
         201   2.0000000000000013       0.58285051508239882      -0.26149092566730103     
         202   2.0100000000000011       0.58023879219519980      -0.26085246247312222     
         203   2.0200000000000009       0.57763348931824887      -0.26020695358219037     
         204   2.0300000000000007       0.57503467601303182      -0.25955457774537866     
         205   2.0400000000000005       0.57244242006389534      -0.25889551163916386     
         206   2.0500000000000003       0.56985678749880353      -0.25822992986323112     
         207   2.0600000000000001       0.56727784261011449      -0.25755800493894215     
         208   2.0699999999999998       0.56470564797536749      -0.25687990730864130     
         209   2.0799999999999996       0.56214026447807319      -0.25619580533577585     
         210   2.0899999999999994       0.55958175132849897      -0.25550586530580521     
         211   2.0999999999999992       0.55703016608444078      -0.25481025142787561     
         212   2.1099999999999990       0.55448556467197496      -0.25410912583723644     
         213   2.1199999999999988       0.55194800140618194      -0.25340264859837436     
         214   2.1299999999999986       0.54941752901183560      -0.25269097770884302     
         215   2.1399999999999983       0.54689419864405042      -0.25197426910376458     
         216   2.1499999999999981       0.54437805990888055      -0.25125267666098150     
         217   2.1599999999999979       0.54186916088386439      -0.25052635220683583     
         218   2.1699999999999977       0.53936754813850785      -0.24979544552255487     
         219   2.1799999999999975       0.53687326675470159      -0.24906010435122133     
         220   2.1899999999999973       0.53438636034706488      -0.24832047440530733     
         221   2.1999999999999971       0.53190687108321189      -0.24757669937475121     
         222   2.2099999999999969       0.52943483970393446      -0.24682892093555733     
         223   2.2199999999999966       0.52697030554329638      -0.24607727875889843     
         224   2.2299999999999964       0.52451330654863415      -0.24532191052070121     
         225   2.2399999999999962       0.52206387930045939      -0.24456295191169608     
         226   2.2499999999999960       0.51962205903225900      -0.24380053664791185     
         227   2.2599999999999958       0.51718787965018764      -0.24303479648159718     
         228   2.2699999999999956       0.51476137375264941      -0.24226586121255062     
         229   2.2799999999999954       0.51234257264976413      -0.24149385869984144     
         230   2.2899999999999952       0.50993150638271412      -0.24071891487390390     
         231   2.2999999999999949       0.50752820374296881      -0.23994115374898800     
         232   2.3099999999999947       0.50513269229138302      -0.23916069743595006     
         233   2.3199999999999945       0.50274499837716546      -0.23837766615536679     
         234   2.3299999999999943       0.50036514715671454      -0.23759217825095702     
         235   2.3399999999999941       0.49799316261231891      -0.23680435020329549     
         236   2.3499999999999939       0.49562906757071890      -0.23601429664380347     
         237   2.3599999999999937       0.49327288372152711      -0.23522213036900153     
         238   2.3699999999999934       0.49092463163550515      -0.23442796235500973     
         239   2.3799999999999932       0.48858433078269414      -0.23363190177228138     
         240   2.3899999999999930       0.48625199955039683      -0.23283405600055621     
         241   2.3999999999999928       0.48392765526100895      -0.23203453064402002     
         242   2.4099999999999926       0.48161131418969827      -0.23123342954665718     
         243   2.4199999999999924       0.47930299158192918      -0.23043085480778364     
         244   2.4299999999999922       0.47700270167083081      -0.22962690679774761     
         245   2.4399999999999920       0.47471045769440762      -0.22882168417378634     
         246   2.4499999999999917       0.47242627191259068      -0.22801528389602668     
         247   2.4599999999999915       0.47015015562412821      -0.22720780124361833     
         248   2.4699999999999913       0.46788211918331407      -0.22639932983098845     
         249   2.4799999999999911       0.46562217201655332      -0.22558996162420705     
         250   2.4899999999999909       0.46337032263876360      -0.22477978695745227     
         251   2.4999999999999907       0.46112657866961121      -0.22396889454956573     
         252   2.5099999999999905       0.45889094684958154      -0.22315737152068785     
         253   2.5199999999999902       0.45666343305588236      -0.22234530340896355     
         254   2.5299999999999900       0.45444404231818020      -0.22153277418730893     
         255   2.5399999999999898       0.45223277883416851      -0.22071986628023013     
         256   2.5499999999999896       0.45002964598496753      -0.21990666058068539     
         257   2.5599999999999894       0.44783464635035519      -0.21909323646698201     
         258   2.5699999999999892       0.44564778172382913      -0.21827967181969976     
         259   2.5799999999999890       0.44346905312749924      -0.21746604303863315     
         260   2.5899999999999888       0.44129846082681079      -0.21665242505974464     
         261   2.5999999999999885       0.43913600434509786      -0.21583889137212134     
         262   2.6099999999999883       0.43698168247796743      -0.21502551403492831     
         263   2.6199999999999881       0.43483549330751387      -0.21421236369435129     
         264   2.6299999999999879       0.43269743421636403      -0.21339950960052226     
         265   2.6399999999999877       0.43056750190155324      -0.21258701962442145     
         266   2.6499999999999875       0.42844569238823249      -0.21177496027474957     
         267   2.6599999999999873       0.42633200104320707      -0.21096339671476427     
         268   2.6699999999999871       0.42422642258830678      -0.21015239277907508     
         269   2.6799999999999868       0.42212895111358884      -0.20934201099039132     
         270   2.6899999999999866       0.42003958009037329      -0.20853231257621779     
         271   2.6999999999999864       0.41795830238411175      -0.20772335748549281     
         272   2.7099999999999862       0.41588511026709024      -0.20691520440516406     
         273   2.7199999999999860       0.41381999543096648      -0.20610791077669730     
         274   2.7299999999999858       0.41176294899914229      -0.20530153281251359     
         275   2.7399999999999856       0.40971396153897244      -0.20449612551235066     
         276   2.7499999999999853       0.40767302307380976      -0.20369174267954421     
         277   2.7599999999999851       0.40564012309488823      -0.20288843693722530     
         278   2.7699999999999849       0.40361525057304443      -0.20208625974443020     
         279   2.7799999999999847       0.40159839397027824      -0.20128526141211867     
         280   2.7899999999999845       0.39958954125115392      -0.20048549111909766     
         281   2.7999999999999843       0.39758867989404251      -0.19968699692784719     
         282   2.8099999999999841       0.39559579690220620      -0.19888982580024481     
         283   2.8199999999999839       0.39361087881472639      -0.19809402361318626     
         284   2.8299999999999836       0.39163391171727574      -0.19729963517409932     
         285   2.8399999999999834       0.38966488125273568      -0.19650670423634806     
         286   2.8499999999999832       0.38770377263166056      -0.19571527351452528     
         287   2.8599999999999830       0.38575057064258944      -0.19492538469963047     
         288   2.8699999999999828       0.38380525966220647      -0.19413707847413134     
         289   2.8799999999999826       0.38186782366535149      -0.19335039452690661     
         290   2.8899999999999824       0.37993824623488176      -0.19256537156806830     
         291   2.8999999999999821       0.37801651057138586      -0.19178204734366144     
         292   2.9099999999999819       0.37610259950275143      -0.19100045865023976     
         293   2.9199999999999817       0.37419649549358791      -0.19022064134931546     
         294   2.9299999999999815       0.37229818065450504      -0.18944263038168180     
         295   2.9399999999999813       0.37040763675124899      -0.18866645978160709     
         296   2.9499999999999811       0.36852484521369722      -0.18789216269089870     
         297   2.9599999999999809       0.36664978714471336      -0.18711977137283606     
         298   2.9699999999999807       0.36478244332886328      -0.18634931722597148     
         299   2.9799999999999804       0.36292279424099400      -0.18558083079779797     
         300   2.9899999999999802       0.36107082005467639      -0.18481434179828291     
         301   2.9999999999999800       0.35922650065051343      -0.18404987911326717     
         302   3.0099999999999798       0.35738981562431504      -0.18328747081772867     
         303   3.0199999999999796       0.35556074429514090      -0.18252714418890981     
         304   3.0299999999999794       0.35373926571321268      -0.18176892571930850     
         305   3.0399999999999792       0.35192535866769731      -0.18101284112953209     
         306   3.0499999999999790       0.35011900169436194      -0.18025891538101382     
         307   3.0599999999999787       0.34832017308310287      -0.17950717268859170     
         308   3.0699999999999785       0.34652885088534902      -0.17875763653294940     
         309   3.0799999999999783       0.34474501292134202      -0.17801032967291913     
         310   3.0899999999999781       0.34296863678729361      -0.17726527415764631     
         311   3.0999999999999779       0.34119969986242243      -0.17652249133861614     
         312   3.1099999999999777       0.33943817931587089      -0.17578200188154197     
         313   3.1199999999999775       0.33768405211350411      -0.17504382577811561     
         314   3.1299999999999772       0.33593729502459202      -0.17430798235761988     
         315   3.1399999999999770       0.33419788462837591      -0.17357449029840327     
         316   3.1499999999999768       0.33246579732052084      -0.17284336763921745     
         317   3.1599999999999766       0.33074100931945577      -0.17211463179041750     
         318   3.1699999999999764       0.32902349667260178      -0.17138829954502538     
         319   3.1799999999999762       0.32731323526249090      -0.17066438708965728     
         320   3.1899999999999760       0.32561020081277603      -0.16994291001531484     
         321   3.1999999999999758       0.32391436889413361      -0.16922388332804114     
         322   3.2099999999999755       0.32222571493006058      -0.16850732145944189     
         323   3.2199999999999753       0.32054421420256668      -0.16779323827707210     
         324   3.2299999999999751       0.31886984185776357      -0.16708164709468942     
         325   3.2399999999999749       0.31720257291135207      -0.16637256068237424     
         326   3.2499999999999747       0.31554238225400888      -0.16566599127651757     
         327   3.2599999999999745       0.31388924465667423      -0.16496195058967725     
         328   3.2699999999999743       0.31224313477574128      -0.16426044982030330     
         329   3.2799999999999740       0.31060402715814922      -0.16356149966233327     
         330   3.2899999999999738       0.30897189624638094      -0.16286511031465814     
         331   3.2999999999999736       0.30734671638336664      -0.16217129149045983     
         332   3.3099999999999734       0.30572846181729485      -0.16148005242642116     
         333   3.3199999999999732       0.30411710670633191      -0.16079140189180896     
         334   3.3299999999999730       0.30251262512325117      -0.16010534819743141     
         335   3.3399999999999728       0.30091499105997327      -0.15942189920447050     
         336   3.3499999999999726       0.29932417843201897      -0.15874106233319035     
         337   3.3599999999999723       0.29774016108287499      -0.15806284457152273     
         338   3.3699999999999721       0.29616291278827517      -0.15738725248353030     
         339   3.3799999999999719       0.29459240726039726      -0.15671429221774905     
         340   3.3899999999999717       0.29302861815197701      -0.15604396951541044     
         341   3.3999999999999715       0.29147151906034047      -0.15537628971854464     
         342   3.4099999999999713       0.28992108353135609      -0.15471125777796579     
         343   3.4199999999999711       0.28837728506330751      -0.15404887826114022     
         344   3.4299999999999708       0.28684009711068803      -0.15338915535993888     
         345   3.4399999999999706       0.28530949308791836      -0.15273209289827483     
         346   3.4499999999999704       0.28378544637298847      -0.15207769433962706     
         347   3.4599999999999702       0.28226793031102476      -0.15142596279445159     
         348   3.4699999999999700       0.28075691821778376      -0.15077690102748101     
         349   3.4799999999999698       0.27925238338307329      -0.15013051146491357     
         350   3.4899999999999696       0.27775429907410232      -0.14948679620149288     
         351   3.4999999999999694       0.27626263853876054      -0.14884575700747921     
         352   3.5099999999999691       0.27477737500882882      -0.14820739533551389     
         353   3.5199999999999689       0.27329848170312154      -0.14757171232737751     
         354   3.5299999999999687       0.27182593183056175      -0.14693870882064322     
         355   3.5399999999999685       0.27035969859319048      -0.14630838535522625     
         356   3.5499999999999683       0.26889975518911102      -0.14568074217983082     
         357   3.5599999999999681       0.26744607481536925      -0.14505577925829549     
         358   3.5699999999999679       0.26599863067077084      -0.14443349627583804     
         359   3.5799999999999677       0.26455739595863675      -0.14381389264520117     
         360   3.5899999999999674       0.26312234388949768      -0.14319696751269995     
         361   3.5999999999999672       0.26169344768372843      -0.14258271976417233     
         362   3.6099999999999670       0.26027068057412345      -0.14197114803083374     
         363   3.6199999999999668       0.25885401580841405      -0.14136225069503686     
         364   3.6299999999999666       0.25744342665172876      -0.14075602589593775     
         365   3.6399999999999664       0.25603888638899713      -0.14015247153506957     
         366   3.6499999999999662       0.25464036832729875      -0.13955158528182468     
         367   3.6599999999999659       0.25324784579815746      -0.13895336457884655     
         368   3.6699999999999657       0.25186129215978220      -0.13835780664733249     
         369   3.6799999999999655       0.25048068079925545      -0.13776490849224832     
         370   3.6899999999999653       0.24910598513466983      -0.13717466690745583     
         371   3.6999999999999651       0.24773717861721378      -0.13658707848075469     
         372   3.7099999999999649       0.24637423473320735      -0.13600213959883922     
         373   3.7199999999999647       0.24501712700608885      -0.13541984645217170     
         374   3.7299999999999645       0.24366582899835315      -0.13484019503977282     
         375   3.7399999999999642       0.24232031431344242      -0.13426318117393074     
         376   3.7499999999999640       0.24098055659759035      -0.13368880048482962     
         377   3.7599999999999638       0.23964652954162030      -0.13311704842509856     
         378   3.7699999999999636       0.23831820688269845      -0.13254792027428230     
         379   3.7799999999999634       0.23699556240604258      -0.13198141114323458     
         380   3.7899999999999632       0.23567856994658742      -0.13141751597843510     
         381   3.7999999999999630       0.23436720339060707      -0.13085622956623130     
         382   3.8099999999999627       0.23306143667729540      -0.13029754653700584     
         383   3.8199999999999625       0.23176124380030519      -0.12974146136927092     
         384   3.8299999999999623       0.23046659880924666      -0.12918796839369026     
         385   3.8399999999999621       0.22917747581114614      -0.12863706179703002     
         386   3.8499999999999619       0.22789384897186560      -0.12808873562603940     
         387   3.8599999999999617       0.22661569251748370      -0.12754298379126197     
         388   3.8699999999999615       0.22534298073563905      -0.12699980007077885     
         389   3.8799999999999613       0.22407568797683641      -0.12645917811388452     
         390   3.8899999999999610       0.22281378865571652      -0.12592111144469628     
         391   3.8999999999999608       0.22155725725228995      -0.12538559346569844     
         392   3.9099999999999606       0.22030606831313612      -0.12485261746122193     
         393   3.9199999999999604       0.21906019645256766      -0.12432217660086049     
         394   3.9299999999999602       0.21781961635376090      -0.12379426394282424     
         395   3.9399999999999600       0.21658430276985330      -0.12326887243723159     
         396   3.9499999999999598       0.21535423052500807      -0.12274599492934044     
         397   3.9599999999999596       0.21412937451544692      -0.12222562416271947     
         398   3.9699999999999593       0.21290970971045128      -0.12170775278236044     
         399   3.9799999999999591       0.21169521115333290      -0.12119237333773246     
         400   3.9899999999999589       0.21048585396237385      -0.12067947828577895     
         401   3.9999999999999587       0.20928161333173714      -0.12016905999385835     
         402   4.0099999999999589       0.20808246453234810      -0.11966111074262924     
         403   4.0199999999999587       0.20688838291274714      -0.11915562272888076     
         404   4.0299999999999585       0.20569934389991451      -0.11865258806830935     
         405   4.0399999999999583       0.20451532300006764      -0.11815199879824227     
         406   4.0499999999999581       0.20333629579943135      -0.11765384688030912     
         407   4.0599999999999579       0.20216223796498173      -0.11715812420306185     
         408   4.0699999999999577       0.20099312524516399      -0.11666482258454419     
         409   4.0799999999999574       0.19982893347058495      -0.11617393377481135     
         410   4.0899999999999572       0.19866963855468048      -0.11568544945840060     
         411   4.0999999999999570       0.19751521649435858      -0.11519936125675366     
         412   4.1099999999999568       0.19636564337061835      -0.11471566073059153     
         413   4.1199999999999566       0.19522089534914563      -0.11423433938224266     
         414   4.1299999999999564       0.19408094868088535      -0.11375538865792501     
         415   4.1399999999999562       0.19294577970259152      -0.11327879994998290     
         416   4.1499999999999559       0.19181536483735490      -0.11280456459907931     
         417   4.1599999999999557       0.19068968059510905      -0.11233267389634434     
         418   4.1699999999999555       0.18956870357311512      -0.11186311908548048     
         419   4.1799999999999553       0.18845241045642575      -0.11139589136482556     
         420   4.1899999999999551       0.18734077801832860      -0.11093098188937384     
         421   4.1999999999999549       0.18623378312076982      -0.11046838177275609     
         422   4.2099999999999547       0.18513140271475798      -0.11000808208917930     
         423   4.2199999999999545       0.18403361384074876      -0.10955007387532656     
         424   4.2299999999999542       0.18294039362901085      -0.10909434813221798     
         425   4.2399999999999540       0.18185171929997349      -0.10864089582703304     
         426   4.2499999999999538       0.18076756816455583      -0.10818970789489525     
         427   4.2599999999999536       0.17968791762447878      -0.10774077524061958     
         428   4.2699999999999534       0.17861274517255951      -0.10729408874042330     
         429   4.2799999999999532       0.17754202839298902      -0.10684963924360097     
         430   4.2899999999999530       0.17647574496159310      -0.10640741757416396     
         431   4.2999999999999527       0.17541387264607716      -0.10596741453244535     
         432   4.3099999999999525       0.17435638930625511      -0.10552962089667053     
         433   4.3199999999999523       0.17330327289426270      -0.10509402742449436     
         434   4.3299999999999521       0.17225450145475577      -0.10466062485450513     
         435   4.3399999999999519       0.17121005312509341      -0.10422940390769624     
         436   4.3499999999999517       0.17016990613550675      -0.10380035528890587     
         437   4.3599999999999515       0.16913403880925346      -0.10337346968822532     
         438   4.3699999999999513       0.16810242956275823      -0.10294873778237654     
         439   4.3799999999999510       0.16707505690573979      -0.10252615023605935     
         440   4.3899999999999508       0.16605189944132445      -0.10210569770326890     
         441   4.3999999999999506       0.16503293586614676      -0.10168737082858390     
         442   4.4099999999999504       0.16401814497043726      -0.10127116024842606     
         443   4.4199999999999502       0.16300750563809793      -0.10085705659229137     
         444   4.4299999999999500       0.16200099684676539      -0.10044505048395352     
         445   4.4399999999999498       0.16099859766786223      -0.10003513254264014     
         446   4.4499999999999496       0.16000028726663670       -9.9627293384182219E-002
         447   4.4599999999999493       0.15900604490219103       -9.9221523622137223E-002
         448   4.4699999999999491       0.15801584992749865       -9.8817813868886342E-002
         449   4.4799999999999489       0.15702968178941057       -9.8416154736706396E-002
         450   4.4899999999999487       0.15604752002865122       -9.8016536838816753E-002
         451   4.4999999999999485       0.15506934427980382       -9.7618950790401754E-002
         452   4.5099999999999483       0.15409513427128577       -9.7223387209609102E-002
         453   4.5199999999999481       0.15312486982531409       -9.6829836718524617E-002
         454   4.5299999999999478       0.15215853085786130       -9.6438289944123762E-002
         455   4.5399999999999476       0.15119609737860179       -9.6048737519200442E-002
         456   4.5499999999999474       0.15023754949084919       -9.5661170083273364E-002
         457   4.5599999999999472       0.14928286739148461       -9.5275578283470455E-002
         458   4.5699999999999470       0.14833203137087619       -9.4891952775391711E-002
         459   4.5799999999999468       0.14738502181279026       -9.4510284223950886E-002
         460   4.5899999999999466       0.14644181919429397       -9.4130563304196349E-002
         461   4.5999999999999464       0.14550240408564999       -9.3752780702111557E-002
         462   4.6099999999999461       0.14456675715020317       -9.3376927115395497E-002
         463   4.6199999999999459       0.14363485914425969       -9.3002993254223440E-002
         464   4.6299999999999457       0.14270669091695848       -9.2630969841988417E-002
         465   4.6399999999999455       0.14178223341013538       -9.2260847616023697E-002
         466   4.6499999999999453       0.14086146765818031       -9.1892617328306767E-002
         467   4.6599999999999451       0.13994437478788729       -9.1526269746144931E-002
         468   4.6699999999999449       0.13903093601829786       -9.1161795652843144E-002
         469   4.6799999999999446       0.13812113266053780       -9.0799185848354114E-002
         470   4.6899999999999444       0.13721494611764748       -9.0438431149911319E-002
         471   4.6999999999999442       0.13631235788440593       -9.0079522392644995E-002
         472   4.7099999999999440       0.13541334954714893       -8.9722450430181552E-002
         473   4.7199999999999438       0.13451790278358106       -8.9367206135226709E-002
         474   4.7299999999999436       0.13362599936258207       -8.9013780400132678E-002
         475   4.7399999999999434       0.13273762114400767       -8.8662164137449623E-002
         476   4.7499999999999432       0.13185275007848479       -8.8312348280461764E-002
         477   4.7599999999999429       0.13097136820720176       -8.7964323783708401E-002
         478   4.7699999999999427       0.13009345766169303       -8.7618081623490177E-002
         479   4.7799999999999425       0.12921900066361924       -8.7273612798360795E-002
         480   4.7899999999999423       0.12834797952454224       -8.6930908329604484E-002
         481   4.7999999999999421       0.12748037664569539       -8.6589959261699573E-002
         482   4.8099999999999419       0.12661617451774948       -8.6250756662768380E-002
         483   4.8199999999999417       0.12575535572057397       -8.5913291625013627E-002
         484   4.8299999999999415       0.12489790292299419       -8.5577555265141755E-002
         485   4.8399999999999412       0.12404379888254412       -8.5243538724773305E-002
         486   4.8499999999999410       0.12319302644521532       -8.4911233170840691E-002
         487   4.8599999999999408       0.12234556854520186       -8.4580629795973569E-002
         488   4.8699999999999406       0.12150140820464146       -8.4251719818872042E-002
         489   4.8799999999999404       0.12066052853335298       -8.3924494484667947E-002
         490   4.8899999999999402       0.11982291272857033       -8.3598945065274516E-002
         491   4.8999999999999400       0.11898854407467299       -8.3275062859724525E-002
         492   4.9099999999999397       0.11815740594291313       -8.2952839194497321E-002
         493   4.9199999999999395       0.11732948179113957       -8.2632265423834769E-002
         494   4.9299999999999393       0.11650475516351863       -8.2313332930046501E-002
         495   4.9399999999999391       0.11568320969025198       -8.1996033123804560E-002
         496   4.9499999999999389       0.11486482908729152       -8.1680357444427781E-002
         497   4.9599999999999387       0.11404959715605163       -8.1366297360155965E-002
         498   4.9699999999999385       0.11323749778311856       -8.1053844368414188E-002
         499   4.9799999999999383       0.11242851493995733       -8.0742989996067369E-002
         500   4.9899999999999380       0.11162263268261607       -8.0433725799665304E-002
         501   4.9999999999999378       0.11081983515142801       -8.0126043365678412E-002
         502   5.0099999999999376       0.11002010657071112       -7.9819934310724358E-002
         503   5.0199999999999374       0.10922343124846556       -7.9515390281785656E-002
         504   5.0299999999999372       0.10842979357606897       -7.9212402956418598E-002
         505   5.0399999999999370       0.10763917802796967       -7.8910964042953571E-002
         506   5.0499999999999368       0.10685156916137807       -7.8611065280686995E-002
         507   5.0599999999999365       0.10606695161595599       -7.8312698440065012E-002
         508   5.0699999999999363       0.10528531011350428       -7.8015855322859151E-002
         509   5.0799999999999361       0.10450662945764878       -7.7720527762334124E-002
         510   5.0899999999999359       0.10373089453352453       -7.7426707623407878E-002
         511   5.0999999999999357       0.10295809030745851       -7.7134386802804170E-002
         512   5.1099999999999355       0.10218820182665077       -7.6843557229197640E-002
         513   5.1199999999999353       0.10142121421885433       -7.6554210863351790E-002
         514   5.1299999999999351       0.10065711269205359       -7.6266339698249780E-002
         515   5.1399999999999348        9.9895882534141459E-002  -7.5979935759218367E-002
         516   5.1499999999999346        9.9137509112595390E-002  -7.5694991104045095E-002
         517   5.1599999999999344        9.8381977874152204E-002  -7.5411497823088758E-002
         518   5.1699999999999342        9.7629274344481834E-002  -7.5129448039383512E-002
         519   5.1799999999999340        9.6879384127860069E-002  -7.4848833908736576E-002
         520   5.1899999999999338        9.6132292906840403E-002  -7.4569647619819740E-002
         521   5.1999999999999336        9.5387986441924907E-002  -7.4291881394254827E-002
         522   5.2099999999999334        9.4646450571234372E-002  -7.4015527486693267E-002
         523   5.2199999999999331        9.3907671210177610E-002  -7.3740578184889799E-002
         524   5.2299999999999329        9.3171634351120067E-002  -7.3467025809770548E-002
         525   5.2399999999999327        9.2438326063051829E-002  -7.3194862715495607E-002
         526   5.2499999999999325        9.1707732491254954E-002  -7.2924081289516135E-002
         527   5.2599999999999323        9.0979839856970321E-002  -7.2654673952626189E-002
         528   5.2699999999999321        9.0254634457063970E-002  -7.2386633159009436E-002
         529   5.2799999999999319        8.9532102663692964E-002  -7.2119951396280732E-002
         530   5.2899999999999316        8.8812230923970906E-002  -7.1854621185522841E-002
         531   5.2999999999999314        8.8095005759633110E-002  -7.1590635081318271E-002
         532   5.3099999999999312        8.7380413766701442E-002  -7.1327985671776464E-002
         533   5.3199999999999310        8.6668441615148958E-002  -7.1066665578556301E-002
         534   5.3299999999999308        8.5959076048564273E-002  -7.0806667456884215E-002
         535   5.3399999999999306        8.5252303883815869E-002  -7.0547983995567859E-002
         536   5.3499999999999304        8.4548112010716187E-002  -7.0290607917005463E-002
         537   5.3599999999999302        8.3846487391685709E-002  -7.0034531977191089E-002
         538   5.3699999999999299        8.3147417061416998E-002  -6.9779748965715760E-002
         539   5.3799999999999297        8.2450888126538738E-002  -6.9526251705764583E-002
         540   5.3899999999999295        8.1756887765279798E-002  -6.9274033054110021E-002
         541   5.3999999999999293        8.1065403227133459E-002  -6.9023085901101372E-002
         542   5.4099999999999291        8.0376421832521652E-002  -6.8773403170650518E-002
         543   5.4199999999999289        7.9689930972459466E-002  -6.8524977820214134E-002
         544   5.4299999999999287        7.9005918108219775E-002  -6.8277802840772242E-002
         545   5.4399999999999284        7.8324370770998158E-002  -6.8031871256803489E-002
         546   5.4499999999999282        7.7645276561578006E-002  -6.7787176126256982E-002
         547   5.4599999999999280        7.6968623149996016E-002  -6.7543710540520871E-002
         548   5.4699999999999278        7.6294398275207939E-002  -6.7301467624387781E-002
         549   5.4799999999999276        7.5622589744754734E-002  -6.7060440536017105E-002
         550   5.4899999999999274        7.4953185434429109E-002  -6.6820622466894325E-002
         551   5.4999999999999272        7.4286173287942459E-002  -6.6582006641787331E-002
         552   5.5099999999999270        7.3621541316592279E-002  -6.6344586318699952E-002
         553   5.5199999999999267        7.2959277598930061E-002  -6.6108354788822613E-002
         554   5.5299999999999265        7.2299370280429667E-002  -6.5873305376480326E-002
         555   5.5399999999999263        7.1641807573156260E-002  -6.5639431439078008E-002
         556   5.5499999999999261        7.0986577755435806E-002  -6.5406726367043255E-002
         557   5.5599999999999259        7.0333669171525115E-002  -6.5175183583766574E-002
         558   5.5699999999999257        6.9683070231282535E-002  -6.4944796545539210E-002
         559   5.5799999999999255        6.9034769409839283E-002  -6.4715558741488585E-002
         560   5.5899999999999253        6.8388755247271379E-002  -6.4487463693511410E-002
         561   5.5999999999999250        6.7745016348272333E-002  -6.4260504956204598E-002
         562   5.6099999999999248        6.7103541381826462E-002  -6.4034676116793976E-002
         563   5.6199999999999246        6.6464319080883003E-002  -6.3809970795060886E-002
         564   5.6299999999999244        6.5827338242030908E-002  -6.3586382643266687E-002
         565   5.6399999999999242        6.5192587725174445E-002  -6.3363905346075333E-002
         566   5.6499999999999240        6.4560056453209544E-002  -6.3142532620473937E-002
         567   5.6599999999999238        6.3929733411700995E-002  -6.2922258215691529E-002
         568   5.6699999999999235        6.3301607648560423E-002  -6.2703075913115885E-002
         569   5.6799999999999233        6.2675668273725157E-002  -6.2484979526208684E-002
         570   5.6899999999999231        6.2051904458837882E-002  -6.2267962900418874E-002
         571   5.6999999999999229        6.1430305436927235E-002  -6.2052019913094419E-002
         572   5.7099999999999227        6.0810860502089246E-002  -6.1837144473392378E-002
         573   5.7199999999999225        6.0193559009169707E-002  -6.1623330522187471E-002
         574   5.7299999999999223        5.9578390373447462E-002  -6.1410572031979076E-002
         575   5.7399999999999221        5.8965344070318636E-002  -6.1198863006796812E-002
         576   5.7499999999999218        5.8354409634981806E-002  -6.0988197482104649E-002
         577   5.7599999999999216        5.7745576662124133E-002  -6.0778569524703674E-002
         578   5.7699999999999214        5.7138834805608503E-002  -6.0569973232633537E-002
         579   5.7799999999999212        5.6534173778161619E-002  -6.0362402735072554E-002
         580   5.7899999999999210        5.5931583351063137E-002  -6.0155852192236646E-002
         581   5.7999999999999208        5.5331053353835778E-002  -5.9950315795277015E-002
         582   5.8099999999999206        5.4732573673936524E-002  -5.9745787766176707E-002
         583   5.8199999999999203        5.4136134256448788E-002  -5.9542262357646022E-002
         584   5.8299999999999201        5.3541725103775688E-002  -5.9339733853016878E-002
         585   5.8399999999999199        5.2949336275334359E-002  -5.9138196566136107E-002
         586   5.8499999999999197        5.2358957887251339E-002  -5.8937644841257797E-002
         587   5.8599999999999195        5.1770580112059046E-002  -5.8738073052934610E-002
         588   5.8699999999999193        5.1184193178393331E-002  -5.8539475605908234E-002
         589   5.8799999999999191        5.0599787370692144E-002  -5.8341846934998921E-002
         590   5.8899999999999189        5.0017353028895303E-002  -5.8145181504994162E-002
         591   5.8999999999999186        4.9436880548145379E-002  -5.7949473810536556E-002
         592   5.9099999999999184        4.8858360378489715E-002  -5.7754718376010900E-002
         593   5.9199999999999182        4.8281783024583573E-002  -5.7560909755430503E-002
         594   5.9299999999999180        4.7707139045394406E-002  -5.7368042532322812E-002
         595   5.9399999999999178        4.7134419053907306E-002  -5.7176111319614323E-002
         596   5.9499999999999176        4.6563613716831584E-002  -5.6985110759514845E-002
         597   5.9599999999999174        4.5994713754308525E-002  -5.6795035523401149E-002
         598   5.9699999999999172        4.5427709939620302E-002  -5.6605880311699990E-002
         599   5.9799999999999169        4.4862593098900047E-002  -5.6417639853770594E-002
         600   5.9899999999999167        4.4299354110843146E-002  -5.6230308907786589E-002
         601   5.9999999999999165        4.3737983906419656E-002  -5.6043882260617406E-002
         602   6.0099999999999163        4.3178473468587962E-002  -5.5858354727709232E-002
         603   6.0199999999999161        4.2620813832009601E-002  -5.5673721152965483E-002
         604   6.0299999999999159        4.2064996082765288E-002  -5.5489976408626851E-002
         605   6.0399999999999157        4.1511011358072149E-002  -5.5307115395150923E-002
         606   6.0499999999999154        4.0958850846002155E-002  -5.5125133041091456E-002
         607   6.0599999999999152        4.0408505785201755E-002  -5.4944024302977262E-002
         608   6.0699999999999150        3.9859967464612747E-002  -5.4763784165190767E-002
         609   6.0799999999999148        3.9313227223194337E-002  -5.4584407639846268E-002
         610   6.0899999999999146        3.8768276449646449E-002  -5.4405889766667888E-002
         611   6.0999999999999144        3.8225106582134218E-002  -5.4228225612867276E-002
         612   6.1099999999999142        3.7683709108013733E-002  -5.4051410273021051E-002
         613   6.1199999999999140        3.7144075563559004E-002  -5.3875438868948043E-002
         614   6.1299999999999137        3.6606197533690162E-002  -5.3700306549586289E-002
         615   6.1399999999999135        3.6070066651702863E-002  -5.3526008490869900E-002
         616   6.1499999999999133        3.5535674598998965E-002  -5.3352539895605726E-002
         617   6.1599999999999131        3.5003013104818410E-002  -5.3179895993349886E-002
         618   6.1699999999999129        3.4472073945972334E-002  -5.3008072040284175E-002
         619   6.1799999999999127        3.3942848946577453E-002  -5.2837063319092374E-002
         620   6.1899999999999125        3.3415329977791654E-002  -5.2666865138836456E-002
         621   6.1999999999999122        3.2889508957550814E-002  -5.2497472834832727E-002
         622   6.2099999999999120        3.2365377850306909E-002  -5.2328881768527895E-002
         623   6.2199999999999118        3.1842928666767301E-002  -5.2161087327375150E-002
         624   6.2299999999999116        3.1322153463635309E-002  -5.1994084924710166E-002
         625   6.2399999999999114        3.0803044343352001E-002  -5.1827869999627130E-002
         626   6.2499999999999112        3.0285593453839219E-002  -5.1662438016854773E-002
         627   6.2599999999999110        2.9769792988243868E-002  -5.1497784466632411E-002
         628   6.2699999999999108        2.9255635184683423E-002  -5.1333904864586062E-002
         629   6.2799999999999105        2.8743112325992682E-002  -5.1170794751604583E-002
         630   6.2899999999999103        2.8232216739471752E-002  -5.1008449693715881E-002
         631   6.2999999999999101        2.7722940796635287E-002  -5.0846865281963222E-002
         632   6.3099999999999099        2.7215276912962938E-002  -5.0686037132281619E-002
         633   6.3199999999999097        2.6709217547651071E-002  -5.0525960885374338E-002
         634   6.3299999999999095        2.6204755203365685E-002  -5.0366632206589518E-002
         635   6.3399999999999093        2.5701882425996591E-002  -5.0208046785796906E-002
         636   6.3499999999999091        2.5200591804412809E-002  -5.0050200337264789E-002
         637   6.3599999999999088        2.4700875970219190E-002  -4.9893088599537033E-002
         638   6.3699999999999086        2.4202727597514285E-002  -4.9736707335310305E-002
         639   6.3799999999999084        2.3706139402649422E-002  -4.9581052331311479E-002
         640   6.3899999999999082        2.3211104143989022E-002  -4.9426119398175226E-002
         641   6.3999999999999080        2.2717614621672128E-002  -4.9271904370321813E-002
         642   6.4099999999999078        2.2225663677375163E-002  -4.9118403105835103E-002
         643   6.4199999999999076        2.1735244194075895E-002  -4.8965611486340772E-002
         644   6.4299999999999073        2.1246349095818639E-002  -4.8813525416884780E-002
         645   6.4399999999999071        2.0758971347480653E-002  -4.8662140825812050E-002
         646   6.4499999999999069        2.0273103954539753E-002  -4.8511453664645418E-002
         647   6.4599999999999067        1.9788739962843145E-002  -4.8361459907964824E-002
         648   6.4699999999999065        1.9305872458377449E-002  -4.8212155553286791E-002
         649   6.4799999999999063        1.8824494567039936E-002  -4.8063536620944147E-002
         650   6.4899999999999061        1.8344599454410974E-002  -4.7915599153966072E-002
         651   6.4999999999999059        1.7866180325527649E-002  -4.7768339217958401E-002
         652   6.5099999999999056        1.7389230424658609E-002  -4.7621752900984228E-002
         653   6.5199999999999054        1.6913743035080076E-002  -4.7475836313444840E-002
         654   6.5299999999999052        1.6439711478853068E-002  -4.7330585587960938E-002
         655   6.5399999999999050        1.5967129116601787E-002  -4.7185996879254191E-002
         656   6.5499999999999048        1.5495989347293210E-002  -4.7042066364029127E-002
         657   6.5599999999999046        1.5026285608017845E-002  -4.6898790240855318E-002
         658   6.5699999999999044        1.4558011373771666E-002  -4.6756164730049968E-002
         659   6.5799999999999041        1.4091160157239227E-002  -4.6614186073560777E-002
         660   6.5899999999999039        1.3625725508577940E-002  -4.6472850534849224E-002
         661   6.5999999999999037        1.3161701015203517E-002  -4.6332154398774139E-002
         662   6.6099999999999035        1.2699080301576578E-002  -4.6192093971475716E-002
         663   6.6199999999999033        1.2237857028990416E-002  -4.6052665580259826E-002
         664   6.6299999999999031        1.1778024895359918E-002  -4.5913865573482739E-002
         665   6.6399999999999029        1.1319577635011638E-002  -4.5775690320436227E-002
         666   6.6499999999999027        1.0862509018475009E-002  -4.5638136211233034E-002
         667   6.6599999999999024        1.0406812852274707E-002  -4.5501199656692748E-002
         668   6.6699999999999022        9.9524829787241541E-003  -4.5364877088228076E-002
         669   6.6799999999999020        9.4995132757201509E-003  -4.5229164957731480E-002
         670   6.6899999999999018        9.0478976565386456E-003  -4.5094059737462264E-002
         671   6.6999999999999016        8.5976300696316288E-003  -4.4959557919934029E-002
         672   6.7099999999999014        8.1487044984251498E-003  -4.4825656017802556E-002
         673   6.7199999999999012        7.7011149611184550E-003  -4.4692350563754105E-002
         674   6.7299999999999010        7.2548555104842410E-003  -4.4559638110394123E-002
         675   6.7399999999999007        6.8099202336700145E-003  -4.4427515230136376E-002
         676   6.7499999999999005        6.3663032520005630E-003  -4.4295978515092503E-002
         677   6.7599999999999003        5.9239987207815288E-003  -4.4165024576962031E-002
         678   6.7699999999999001        5.4830008291040754E-003  -4.4034650046922745E-002
         679   6.7799999999998999        5.0433037996506520E-003  -4.3904851575521583E-002
         680   6.7899999999998997        4.6049018885018448E-003  -4.3775625832565904E-002
         681   6.7999999999998995        4.1677893849443176E-003  -4.3646969507015222E-002
         682   6.8099999999998992        3.7319606112798261E-003  -4.3518879306873370E-002
         683   6.8199999999998990        3.2974099226353143E-003  -4.3391351959081129E-002
         684   6.8299999999998988        2.8641317067740796E-003  -4.3264384209409278E-002
         685   6.8399999999998986        2.4321203839080051E-003  -4.3137972822352114E-002
         686   6.8499999999998984        2.0013704065108559E-003  -4.3012114581021409E-002
         687   6.8599999999998982        1.5718762591326316E-003  -4.2886806287040842E-002
         688   6.8699999999998980        1.1436324582149741E-003  -4.2762044760440855E-002
         689   6.8799999999998978        7.1663355190762284E-004  -4.2637826839554006E-002
         690   6.8899999999998975        2.9087411988591602E-004  -4.2514149380910728E-002
